0,17978 0,33729 1,95201 0,09164 1,36708 0,57103 0,44337 0,11051 0,01947 0,66946
0,98363 1,08489 0,19827 0,44827 0,48702 0,81044 0,11417 0,93925 0,53046 0,89182
0,65653 0,10397 1,31078 0,51376 0,04554 0,01705 0,66550 0,60178 0,34533 0,35976
0,89506 0,09313 0,37248 0,09867 0,58430 0,85844 1,00749 0,38288 1,04768 1,10075
0,48355 0,09782 0,59141 0,83004 0,68684 1,17037 1,71259 0,10294 0,01008 0,46417
0,30106 0,18780 0,45585 1,95537 0,79119 0,15506 0,81022 0,34751 2,45778 0,82002
0,39329 0,23283 0,77320 1,36202 0,67730 0,13469 0,42598 0,89697 0,15132 0,26846
1,41713 0,84225 0,34190 0,23496 0,00892 1,71267 0,40622 3,75428 0,29632 1,28188
0,75035 1,16665 0,00169 0,60409 0,49155 0,14516 0,01869 0,51990 0,37572 0,76976
0,30694 0,28847 0,05388 0,05397 0,09444 0,62639 0,91684 0,75722 0,20777 0,29645
0,04113 0,33415 0,68674 0,99894 0,85327 1,90313 0,63366 0,46834 0,54462 0,71874
1,39364 0,07281 0,05702 0,40575 0,21611 0,49908 0,21708 0,71867 0,17244 0,45031
2,37057 0,65601 2,24649 0,34401 0,45579 0,05681 0,35211 0,55117 0,11536 0,44078
0,79142 1,44453 0,42703 1,03675 0,92089 0,48722 1,12247 1,39810 0,06529 0,30359
1,22492 1,49858 0,63179 0,44035 0,18083 1,34710 0,00117 0,55715 0,21681 0,51125
0,06091 0,62419 0,77712 0,92556 0,99235 1,05889 0,75561 0,05808 0,78604 0,09091
0,46961 1,25741 0,10394 0,53719 0,78048 0,40255 2,93777 0,33462 0,50589 0,77794
0,25239 0,31213 0,64475 0,25670 0,17327 0,00512 0,11823 0,00309 0,51804 0,00629
0,27682 0,34123 0,18523 0,63778 0,69283 0,84210 0,60686 0,49555 0,28677 0,89743
0,87352 0,55846 1,62895 0,79919 2,27777 0,27827 0,06138 0,12165 0,05749 0,08819