1,41073 -0,16782 0,62166 0,68332 0,71423 -0,93259 0,58693 -0,52981 0,84518 -0,33745
-0,74603 -0,13395 0,06721 -0,84839 0,52981 0,45292 -0,57266 -0,17165 0,25923 -0,24721
0,21037 -1,18335 -0,48946 0,85706 -0,55482 -0,48105 1,21245 0,06986 0,99726 0,29954
-0,00362 0,36958 -0,62988 -0,35085 -0,09823 0,04802 -0,17700 1,46065 -1,20960 0,06617
1,15976 0,13490 -2,09152 0,73559 0,81253 1,25881 0,26109 -1,33324 0,31481 -0,03071
0,57892 0,35230 -0,05947 0,87012 1,30718 1,22697 0,17363 0,38564 -0,83283 0,77833
0,04917 0,58123 -0,82229 1,43676 -0,32165 0,84762 -0,10174 0,04418 -0,02371 1,38897
-0,06125 0,30924 0,63799 0,00466 0,20208 -0,03418 0,32270 -1,00881 -1,04925 -0,23965
1,77314 1,02543 -1,48294 1,04070 -1,88845 -0,98354 -0,38338 0,12964 -0,85284 0,49784
0,88845 1,57864 0,04044 0,04712 0,89740 1,79138 0,82247 1,32752 -2,08190 1,41270
-0,67632 1,09123 -0,84943 -0,31762 -0,01081 1,40246 0,72856 0,22896 -0,83991 -0,43222
-0,59849 1,10550 0,37016 0,78147 1,41579 -1,69170 0,86380 0,08895 1,44389 -0,16584
0,09677 -0,42263 -0,85309 -0,07835 0,58901 0,57678 1,03783 0,89128 1,58997 -0,11425
-0,89386 -2,01850 -0,32327 -1,45865 0,51087 0,01846 -1,77289 -0,14302 -0,11458 -0,87655
-0,80490 0,48521 0,45182 0,52266 -0,04805 -0,59952 -0,57240 -0,42343 -0,58125 -1,07662
0,43448 -1,47590 0,58380 -1,24850 0,66323 0,22233 -0,74132 -0,45492 -0,91919 1,33281
-0,40300 -0,35426 0,50934 0,24841 1,24916 0,57392 0,24917 1,04230 0,47474 -0,68378
-0,03589 -0,97238 1,21276 0,60897 0,81961 -0,23759 1,12303 1,18472 2,03529 -0,28312
0,70037 -1,18542 -0,54455 0,81720 1,03019 1,65480 -0,17399 1,02726 -0,35448 0,17367
-0,20282 -0,66689 -0,38161 -0,04148 -0,60991 0,67308 2,09061 0,69129 0,65193 1,62730