8,20600 5,22223 6,16722 8,29046 9,72314 7,81431 9,50584 6,20265 10,03980 5,30464
5,68720 10,98417 6,81988 6,69147 10,04053 6,41114 11,47355 5,22376 11,47528 8,03113
8,50451 10,62535 8,61247 10,91669 7,01882 6,36466 7,10009 7,55329 5,49919 11,21329
8,19500 9,49510 10,00849 10,37055 11,34534 9,67940 9,85636 6,42482 10,14314 8,57411
9,34823 8,93035 7,96334 11,21427 8,85891 7,63193 9,27334 5,76795 10,15051 7,54549
7,49707 10,39732 5,55892 10,48904 10,69939 10,77717 5,91721 7,06351 11,49101 8,03926
7,92177 5,96658 9,90223 6,62676 7,57154 6,25896 10,14304 6,68953 6,71756 8,27189
7,83598 6,18103 9,84951 8,96669 10,74594 10,18480 9,01216 9,63452 9,82176 10,72347
6,36698 8,29658 9,63689 11,02726 10,13937 7,25887 9,29140 6,89392 7,09795 9,98026
8,41736 6,36215 9,29745 5,86552 7,23585 10,80532 8,28364 6,60770 11,47248 8,92631
5,91339 9,38005 11,29974 9,76982 8,89657 9,84371 8,36819 8,53017 7,59011 11,38159
10,96321 7,97034 6,53848 9,19132 6,27580 5,65169 7,46923 8,57965 9,41815 9,95265
5,20844 7,74978 9,45303 10,44626 10,56317 5,55277 5,79500 9,83624 6,15583 8,80544
5,59826 5,88728 8,40166 7,85693 8,62529 6,31147 6,98180 7,68115 7,93310 10,60665
9,30411 10,56060 10,09173 10,64830 8,91930 11,48226 11,08760 11,30589 6,93777 5,41487
5,60290 8,52733 10,48304 7,18876 10,80125 9,64137 6,73993 9,30062 10,73079 5,59118
7,41555 7,70362 10,09651 5,88974 8,69696 8,57179 6,38297 5,65260 11,46134 9,28011
5,85109 10,96376 10,10187 11,07249 8,26188 5,68237 8,16933 9,03394 8,82245 10,59441
6,84076 10,33406 5,35880 7,12971 6,22449 8,41405 6,71231 9,56071 10,12606 6,72110
10,90619 10,36816 5,29304 9,81302 8,22939 5,55817 11,03385 7,13852 6,00584 6,66496